---
password: 10d9464560b3f859db6af3a973477766ccc42ea6cbcabad43e75a3a545c0ddbc
ip: 183.80.111.252
firstlogin: 1511665078932.000000
lastlogin: 1511683358948.000000
...
