---
password: 27841dc066083203b6fb9d2a19e96424e50738de1b57cf244e75693eaeb8d6a0
ip: 115.74.99.195
firstlogin: 1511678578348.000000
lastlogin: 1511678578350.000000
...
