---
password: 2a8680f7231de19645dc9be1c0de9467bf33d4fdb22aba847ed7b0230bd3ee14
ip: 112.197.82.207
firstlogin: 1511666090605.000000
lastlogin: 1511666090608.000000
...
