---
password: 3c4f26cae20071b582d3f9625a5d582e54731e1ed4caeab4f7ee3ca139314f98
ip: 42.114.23.165
firstlogin: 1511660883258.000000
lastlogin: 1511688541559.000000
...
