---
password: 151c8ac1320786491afd0dbfed071657144b0fc0620c426595171a04de469872
ip: 113.23.52.244
firstlogin: 1511669874880.000000
lastlogin: 1511669874883.000000
...
