---
password: 6ed4b8f62d6fea20dda170539a0d1a855cbebc6a8609133ec0a5ff90909720b3
ip: 115.72.200.233
firstlogin: 1511667185150.000000
lastlogin: 1511667185153.000000
...
