---
password: 286ad58f78e366a16dbe8dacbaee0e101b47c41058de252df5a88d4792062a04
ip: 123.19.127.127
firstlogin: 1511665031465.000000
lastlogin: 1511680260916.000000
...
