---
password: 03fc50bdf08935de2b416aaf42b2365dee43893db6ab3439a466535b4bacdef2
ip: 27.77.69.152
firstlogin: 1511668637813.000000
lastlogin: 1511668637814.000000
...
