---
Lobby:
  X: 384.446700
  "Y": 8.000000
  Z: 517.352100
  Yaw: 179
  Pitch: 20
sb:
  X: 97.533000
  "Y": 70.000000
  Z: 90.304300
  Yaw: 179
  Pitch: 16
skyblock:
  X: 127.493800
  "Y": 1.000000
  Z: 124.374300
  Yaw: 181
  Pitch: 13
...
